64 10
-388 -377 104 -34 170 -53 -697 212 -1134 139
138 -283 -290 194 33 11 38 190 -850 122
324 149 -61 -761 117 196 81 379 -699 -391
-282 267 -383 -223 -531 374 -798 175 126 217
-364 375 285 -395 -321 447 -228 449 -762 -437
207 -514 277 142 119 100 236 -202 -317 -960
59 -514 -827 29 -182 200 67 183 156 93
109 -618 48 86 166 -318 -691 138 -77 227
-591 374 -675 414 69 397 -478 -557 -979 331
-231 -595 295 249 -538 -192 -501 302 -547 244
232 122 -198 116 -617 159 158 -787 104 -396
-705 -356 128 -310 185 143 62 -427 110 136
-541 -575 -1037 198 -458 377 418 134 -73 -28
355 76 -671 -345 -277 5 189 446 -481 -534
-542 143 216 -39 -309 101 116 -61 149 -1002
158 -324 55 -239 105 -33 176 -754 73 126
89 142 167 111 -595 -89 203 -371 111 -738
-719 244 -120 166 135 -105 -559 85 227 149
-2 192 171 91 -534 128 196 -508 182 -608
-636 136 -37 156 -453 168 140 70 9 -874
-399 324 234 199 284 -515 -26 112 -490 -874
-209 359 -323 -428 -187 241 365 427 -429 -460
39 -107 124 128 -567 -106 -846 157 128 151
-552 -519 -110 -337 193 262 -896 133 172 209
211 -455 180 171 -971 166 -289 -234 195 95
-235 97 -785 161 179 143 -666 154 89 183
397 -207 87 -465 -671 -276 -176 -119 328 47
-591 -756 -3 154 11 47 155 -383 202 92
214 -710 95 113 -658 -266 -118 162 15 209
-587 339 28 346 -300 333 -768 -674 -665 117
-117 -428 -771 -687 -39 373 306 -117 -200 192
366 -113 -435 -333 -345 336 207 264 -834 -110
216 -344 278 -127 132 117 164 -472 -579 -592
-338 253 303 194 -29 -638 326 112 -563 -152
-298 -625 164 -102 263 -2 220 -632 122 267
-558 191 209 101 -1018 -19 148 168 31 10
103 -141 -42 49 -92 29 10 -184 28 -9
-74 38 -278 29 82 0 -333 42 75 57
58 -613 -109 -218 153 -450 239 92 70 160
179 -766 -204 -511 144 172 -210 126 221 149
-185 -697 -349 282 -88 309 -704 -854 203 272
-537 51 234 201 96 51 -694 146 242 -497
134 -906 -360 110 194 -43 249 -147 113 -211
-181 -45 395 130 -271 322 -657 273 -479 -702
147 -86 146 -450 348 -801 -131 32 -197 228
189 -508 128 -450 56 69 163 -574 167 -3
275 -196 244 184 -774 186 -361 154 -28 -481
-183 562 -373 -255 536 -469 288 358 -836 -393
-941 -529 -789 316 297 326 -823 -262 -93 331
186 174 261 225 -1009 -242 -665 188 138 112
-559 257 171 -183 80 -730 328 169 168 10
-177 254 258 220 160 -714 -685 -207 143 114
-105 243 151 71 175 -960 -728 111 -25 190
-781 -220 444 401 -594 -236 -410 497 -570 -1057
-298 -445 -198 -310 227 -478 270 249 -1060 213
-412 -102 11 -299 333 559 -205 -325 237 -888
-335 303 82 -775 328 -432 -244 184 194 -63
213 -396 28 -393 240 149 267 -350 182 -661
-400 167 -706 -909 167 162 296 -257 -147 191
-111 246 267 -57 -80 -805 -596 179 153 113
290 344 272 -608 -146 -336 337 -405 -47 -428
200 -538 97 153 -885 145 -250 26 155 11
-456 223 -397 -24 163 142 110 -567 220 97
48 144 -909 -37 187 -232 157 -56 20 183
