64 10
-617 155 73 69 -363 92 116 -279 -25 -372
41 -504 70 -263 17 65 86 -456 60 10
-367 -75 -55 -310 209 -406 -38 238 -271 166
-129 -150 -317 -188 216 86 303 21 -132 -515
192 -122 -201 215 -369 211 -101 157 -550 36
-204 276 -451 -512 177 -542 -338 -41 181 90
-561 -301 -248 118 119 118 -618 131 51 127
86 -385 68 90 -675 91 -94 -331 76 72
135 -128 209 215 64 -206 -412 238 -146 -474
83 110 131 84 -176 -335 -701 129 80 52
179 -121 194 178 -459 -269 -530 193 153 143
-374 114 201 171 -303 200 -512 -177 12 -107
180 -292 137 117 167 -210 169 -390 -239 139
-237 113 209 -331 -266 99 247 -294 -235 -200
-601 -181 -32 128 145 138 -441 -440 77 130
-15 374 -340 246 -288 205 -139 -427 -207 -31
-372 212 149 -486 157 -84 58 -319 171 60
-134 -275 -177 -75 307 -104 328 -86 -32 -512
181 29 -466 -248 242 -470 145 -448 242 234
-106 -240 -151 103 113 147 -602 152 -553 95
-535 -121 -418 146 141 103 -608 126 107 112
182 186 -532 -333 101 135 159 188 164 -291
-154 186 -80 -85 -188 -520 -485 142 143 125
21 -489 -192 -510 98 50 152 125 -136 125
-638 -35 -350 177 -131 190 -205 -422 89 155
89 -317 86 68 -429 88 -42 -544 51 -221
-312 -255 -102 -187 -122 -368 -181 -417 -314 668
194 -129 -330 -381 137 145 -231 198 167 158
-280 240 -378 80 190 -114 -370 231 -427 166
-33 -331 302 125 -342 -253 -380 -41 296 -394
-205 77 -339 208 -404 214 -264 92 89 187
-363 -466 19 -97 -283 -34 -284 245 -70 205
-194 212 177 -382 71 -321 150 124 185 -317
-301 -262 192 183 259 -68 -440 -341 -493 167
-201 -184 235 -414 231 -224 -281 -22 -563 171
-224 502 -239 -373 -127 -106 -276 283 -89 -211
175 -172 142 127 17 -275 -259 178 -443 -204
-31 30 175 -164 -320 236 166 172 -347 -264
94 -235 119 148 -265 -270 226 -451 103 -360
150 -199 72 -44 -527 166 121 -59 159 -406
220 -188 -558 -446 -336 35 199 -50 -87 202
-442 145 119 85 61 -382 50 118 50 -408
285 -254 -212 -404 281 -1 -176 -261 272 -212
217 -235 195 -268 -368 155 -178 265 -220 -244
-239 486 -127 -457 497 -296 -269 -352 -352 -169
200 -384 -70 70 -339 177 196 -401 190 -258
132 -459 -407 153 -305 165 210 -436 172 122
200 -467 -4 -204 -413 137 -223 192 -301 164
280 -200 190 -247 33 -417 284 -310 -375 -30
-236 143 160 148 -265 -519 -87 171 -64 79
-448 249 -417 96 -11 180 186 -353 144 -149
-235 -48 233 229 -335 -370 -237 209 123 98
208 112 146 -324 129 -424 192 187 -505 -26
280 -303 -114 -291 188 -350 36 -296 252 184
-384 -323 -212 226 -168 -43 -288 240 -186 93
-438 106 114 73 -356 -115 -454 113 68 -480
-434 183 -568 156 -77 167 176 -263 -240 223
-400 195 211 -207 213 237 113 -251 -232 -263
-449 158 134 74 -302 -28 126 -115 150 -587
94 -404 61 -454 106 140 151 -311 138 109
278 -271 -456 -34 106 175 273 -48 -431 -161
-251 266 -423 -370 -227 150 -44 -273 179 -228
-190 -368 141 -143 271 -220 233 -117 -330 -286
315 170 165 86 -37 -442 -272 -65 -385 -201
